0 grid1
1 grid1
2 grid1
3 grid1
4 grid1
5 grid1
6 grid1
7 grid1
8 grid1
9 grid1
10 grid1
11 grid1
12 grid1
13 grid1
14 grid1
15 grid1
16 grid1
17 grid1
18 grid1
19 grid1
20 grid1
21 grid1
22 grid1
23 grid1
24 grid1
25 grid1
26 grid1
27 grid1
28 grid1
29 grid1
30 grid1
31 grid1
32 grid1
33 grid1
34 grid1
35 grid1
36 grid1
37 grid1
38 grid1
39 grid1
40 grid1
41 grid1
42 grid1
43 grid1
44 grid1
45 grid1
46 grid1
47 grid1
48 grid1
49 grid1
50 grid1
51 grid1
52 grid1
53 grid1
54 grid1
55 grid1
56 grid1
57 grid1
58 grid1
59 grid1
60 grid1
61 grid1
62 grid1
63 grid2
64 grid2
65 grid2
66 grid2
67 grid2
68 grid2
69 grid2
70 grid2
71 grid2
72 grid2
73 grid2
74 grid2
75 grid2
76 grid2
77 grid2
78 grid2
79 grid2
80 grid2
81 grid2
82 grid2
83 grid2
84 grid2
85 grid2
86 grid2
87 grid2
88 grid2
89 grid2
90 grid2
91 grid2
92 grid2
93 grid2
94 grid2
95 grid2
96 grid2
97 grid2
98 grid2
99 grid2
100 grid2
101 grid2
102 grid2
103 grid2
104 grid2
105 grid2
106 grid2
107 grid2
108 grid2
109 grid2
110 grid2
111 grid2
112 grid2
113 grid2
114 grid2
115 grid2
116 grid2
117 grid2
118 grid2
119 grid2
120 grid2
121 grid2
122 grid2
123 grid2
124 grid2
125 grid2
151 grid2
152 grid2
153 grid2
154 grid2
155 grid2
156 grid2
157 grid2
158 grid2
159 grid2
160 grid2
161 grid2
162 grid2
163 grid2
164 grid2
165 grid2
166 grid2
167 grid2
168 grid2
169 grid2
170 grid2
171 grid2
172 grid2
173 grid2
174 grid2
175 grid2
176 grid2
177 grid2
178 grid2
179 grid2
180 grid2
181 grid2
182 grid2
183 grid2
184 grid2
185 grid2
186 grid2
187 grid2
188 grid2
189 grid2
190 grid2
191 grid2
192 grid2
193 grid2
194 grid2
195 grid2
196 grid2
197 grid2
203 grid3
204 grid3
205 grid3
206 grid3
207 grid3
208 grid3
209 grid3
210 grid3
211 grid3
212 grid3
213 grid3
214 grid3
215 grid3
216 grid3
217 grid3
218 grid3
219 grid3
220 grid3
221 grid3
222 grid3
223 grid3
224 grid3
225 grid3
226 grid3
227 grid3
228 grid3
229 grid3
230 grid3
231 grid3
232 grid3
233 grid3
234 grid3
235 grid3
236 grid3
237 grid3
238 grid3
239 grid3
240 grid3
241 grid3
242 grid3
243 grid3
244 grid3
245 grid3
246 grid3
247 grid3
248 grid3
249 grid3
250 grid3
251 grid3
252 grid3
253 grid3
278 10
279 10
280 10
281 10
282 10
283 10
284 10
285 10
286 10
287 10
288 10
289 10
290 10
291 10
292 10
293 10
294 10
295 10
296 10
297 10
298 10
299 10
300 10
301 10
302 10
303 10
304 10
305 10
306 10
307 10
308 10
309 10
310 10
311 10
312 10
313 10
314 10
315 10
316 10
317 10
318 10
319 10
320 10
321 10
322 10
323 10
324 10
325 10
326 10
327 10
328 10
330 11
331 11
332 11
333 11
334 11
335 11
336 11
337 11
338 11
339 11
340 11
341 11
342 11
343 11
344 11
345 11
346 11
347 11
348 11
349 11
350 11
351 11
352 11
353 11
354 11
355 11
356 11
357 11
358 11
359 11
360 11
361 11
362 11
363 11
364 11
365 11
366 11
367 11
368 11
369 11
370 11
371 11
372 11
373 11
374 11
375 11
376 11
377 11
378 11
379 11
380 11
381 11
382 11
383 11
384 11
385 11
386 11
387 11
388 11
389 11
390 11
391 11
392 12
393 12
394 12
395 12
396 12
397 12
398 12
399 12
400 12
401 12
402 12
403 12
404 12
405 12
406 12
407 12
408 12
409 12
410 12
411 12
412 12
413 12
414 12
415 12
416 12
417 12
418 12
419 12
420 12
421 12
422 12
423 12
424 12
425 12
426 12
427 12
428 12
429 12
430 12
431 12
432 12
433 12
434 12
435 12
436 12
437 12
438 12
439 12
440 12
441 12
442 12
443 12
444 12
445 12
446 12
447 12
448 12
449 12
450 12
451 12
452 12
453 12
454 12
456 13
457 13
458 13
459 13
460 13
461 13
462 13
463 13
464 13
465 13
466 13
467 13
468 13
469 13
470 13
471 13
472 13
473 13
474 13
475 13
476 13
477 13
478 13
479 13
480 13
481 13
482 13
483 13
484 13
485 13
486 13
487 13
488 13
489 13
490 13
491 13
492 13
493 13
494 13
495 13
496 13
497 13
498 13
